# Created by Octave 3.8.0, Wed Nov 05 20:52:07 2014 PST <xanderjanz@alexander-jansens-macbook-2.local>
# name: Theta1
# type: matrix
# rows: 8
# columns: 11
 2.12547278143035 1.003146864689761 -0.8137091556694689 -1.392097831754751 0.4057864343074345 -1.52186317927054 1.305074507267568 0.2775160652380219 -0.03911520110859564 -0.6716121669562526 -0.8705177290807069
 -1.753099740625747 -0.6451735536238902 0.8316601249987219 -0.06642787709488113 0.4019972238755012 0.734193471678032 1.14950931347753 -0.169428327786777 -1.020496809883912 -1.122642361054164 -0.002223082427157746
 -0.6432091581807783 0.2941021412504852 0.318617292600766 1.001148164450654 0.5877526745621662 0.002174064730953119 -0.03012717053105681 -0.2254034758791222 0.1699760354801161 0.1182253852435328 -0.3874873309435472
 1.647960072713036 -2.075521827374078 2.086992080694511 -0.1645563431821256 0.4539452875209228 -0.1119387941697431 0.460142432223361 0.1196427170211437 -0.9613231142792851 0.6300740848643296 0.1987076344650811
 -1.19711661321661 -1.095688676214554 -0.1515077089116634 -0.02452290770603683 0.2784266927612627 1.016930362735111 1.022782715460247 -0.2683789691669597 -0.963235273087705 -0.9695157307905098 0.05555458501879353
 0.1409379760321555 0.4470531899561984 0.04641176538966636 0.7469285620922517 0.29797709767678 0.004715793838308884 -1.195967135207959 -0.1414095618395584 -0.7898395663860782 2.765722788897289 0.508455492695256
 -1.500801434407356 0.5800715127121439 -0.8412327789400682 0.2924015349302962 1.983634043341904 0.8181715318002792 0.005313598151300507 -1.022649081552785 -1.391057321731775 0.1002597092986292 -0.8544402641293896
 -0.3662159696084996 -0.6294629623806399 0.358416723965498 0.004179705168908907 0.3701338924294583 0.06378332534408093 0.005495096544487833 -0.2094734443690813 -0.05214410509927866 -0.1430089180684794 -0.202561161352707


