# Created by Octave 3.8.0, Tue Nov 04 23:10:07 2014 PST <xanderjanz@alexander-jansens-macbook-2.local>
# name: Theta1
# type: matrix
# rows: 8
# columns: 11
 -9.947961570018961 0.3960801227185197 0.2975072027229221 -0.1495424860834465 -0.09197201371144256 0.08552913470732874 0.9087593946396707 0.4687197532516853 2.199726374441256 2.069146646614116 2.501194578724769
 -0.8901011600815744 -0.4498277181911303 0.2346974126602476 0.3388298469316702 -0.05294340074028347 0.1236334749644851 -0.4986279535737209 -0.1336869941342784 -0.001975372394942511 0.5811196071261492 0.3304328155502923
 0.8689090670434257 0.2885621207164067 -0.171608429365263 -0.2511008194324047 0.009034878687952932 -0.114896426272247 0.3116145310334232 0.05553196577763963 -0.06648259119530175 -0.4477446029035882 -0.2784125358631525
 0.9848540154468247 0.3323362801224309 -0.1907469129434619 -0.2727082404422771 0.008769962567890512 -0.111459201174157 0.3083394544536721 0.06107465161576121 -0.04253482600837476 -0.470442120902042 -0.3011677873980211
 -1.291114664171507 -0.7680743221303564 0.7433344078343039 0.834130067958004 -0.03357847980931995 0.167168500329825 -1.148062294080032 -0.3896382091964278 0.0144249939912442 1.014452115724509 0.4215097035085097
 4.629282932591004 0.2722013143819356 -0.187273196687277 -0.3215559417029413 0.03424732039130326 -0.9770473166502341 -0.3264613850628088 -0.9035004547193224 -1.292192975163083 -1.392083019984885 -1.10212151023906
 0.6954420459351711 0.2681209296232135 -0.1742174766006558 -0.2418102135549843 0.02142804837937653 -0.09434439756636784 0.3164197526057598 0.06427566816020473 -0.07323330109583359 -0.4238409279377988 -0.2661220906712022
 0.3711129481066523 0.2072855537836745 -0.1320293329900364 -0.1803754233038859 0.01217685967748387 -0.08486888562210912 0.2271475389376767 0.02953861025760232 -0.08135137674796536 -0.3501265264336091 -0.2330674558163431


