# Created by Octave 3.8.0, Tue Nov 04 23:10:07 2014 PST <xanderjanz@alexander-jansens-macbook-2.local>
# name: Theta2
# type: matrix
# rows: 8
# columns: 9
 -0.1726138917370951 0.7470963921602553 -0.2948178220071743 0.1576230430193781 0.1701114720564869 -0.522055459564897 0.5699260379325812 0.1485770328430925 0.1186229995350144
 0.3279866043818527 -0.914525652015686 0.3474559091790995 -0.2067790058405197 -0.2158887324508693 0.6264793652837797 -0.7025045186775001 -0.1960578992428037 -0.1525536757025472
 0.3936133634122665 -0.9745261735320161 0.3593455795195994 -0.2238757421658251 -0.2367274056922795 0.6609803051066914 -0.7485235108114312 -0.2143451353366268 -0.1693354246803519
 1.008066373264469 -1.865588301545565 0.7540312922111284 -0.4558879731074808 -0.4837022572982912 1.365094554725939 -1.577425162112317 -0.4343964194157496 -0.3413446099001549
 0.7598546515967511 -1.536055389767268 0.6121414067628062 -0.3626245444733888 -0.3805613897383547 1.104211215495237 -1.250233731916515 -0.3426756090609201 -0.2673292454642767
 0.5822248945526647 -1.271601609432776 0.4897705328474926 -0.2930121633882551 -0.3099505506699435 0.8932560738037185 -1.005989093190365 -0.2812683285275751 -0.2205399905276746
 -0.2349104623732126 0.74213214649193 -0.2703301911401117 0.1642155170864231 0.1801128360187531 -0.4910993026717103 0.5627906906164658 0.1582957043359503 0.1204133455019916
 -0.6198124781462675 1.284105936709161 -0.4828512502390742 0.3003560153437538 0.3239712379706588 -0.8819863348113663 1.018655380745719 0.2875377059431791 0.2250482250350983


