# Created by Octave 3.8.0, Wed Nov 05 20:52:07 2014 PST <xanderjanz@alexander-jansens-macbook-2.local>
# name: Theta2
# type: matrix
# rows: 8
# columns: 9
 -0.1378560322939779 0.3873180447093859 0.2716978719120811 0.202705689836338 -0.4630889353408995 0.2555448788765078 0.4069920538861152 -0.310084562860838 0.1429488200541493
 0.4286066637885646 -0.7386166974319861 -0.5238543123615372 -0.3776780435533429 0.9603410339999804 -0.5046913592487235 -0.7868279420783079 0.6439811804828539 -0.2634708363156171
 0.8060956563761266 -1.162785955744919 -0.8286025729680134 -0.5929085276696192 1.46951363309263 -0.7548161137921789 -1.228637477077535 0.9704881200095381 -0.4080331944889085
 -0.9150459654309809 1.326057302117821 0.9428198924281783 0.6803633787257576 -1.686034579105105 0.8707432162803768 1.389208015034033 -1.130877677034833 0.4567850915427776
 0.6417047940148405 -0.9835168649381142 -0.6991505361543461 -0.5001674439768958 1.253605130360037 -0.6480570784575262 -1.035952881472651 0.8373532034171373 -0.3468284979527921
 -0.6333404117726145 0.9672967866360523 0.6921660644469695 0.4858481320086253 -1.225640161015755 0.6450894185932227 1.017794416842944 -0.8241041631532876 0.3367113696926402
 0.1167391907178544 -0.3490091699140905 -0.249528264765002 -0.1887403838035108 0.4251382825575942 -0.2298561298102348 -0.3783219491692457 0.2827659032125042 -0.1347859633031102
 0.8714731169691539 -1.274004256669589 -0.9076505467001929 -0.6504289887847238 1.628920494096663 -0.8332349209252772 -1.339437678170731 1.089663272568431 -0.4538153744216645


