# Created by Octave 3.8.0, Wed Nov 05 20:52:07 2014 PST <xanderjanz@alexander-jansens-macbook-2.local>
# name: Theta3
# type: matrix
# rows: 2
# columns: 9
 -1.036392151259136 -0.6695833584497694 1.23142411395284 1.923806980121872 -2.296404008192944 1.634881072745137 -1.670952143125608 0.5438941870467321 2.141782024353158
 1.026912068568989 0.6995609780160699 -1.273861825896796 -2.004248440530692 2.368978200594739 -1.68551195736091 1.730782636742241 -0.5756418455612791 -2.209525649344868


