# Created by Octave 3.8.0, Tue Nov 04 23:10:07 2014 PST <xanderjanz@alexander-jansens-macbook-2.local>
# name: Theta3
# type: matrix
# rows: 2
# columns: 9
 1.796878948895928 0.8366140234098194 -1.001494735660898 -1.065215227012546 -2.187690303862641 -1.760388332208781 -1.425924395755238 0.8192288645874835 1.455868976270178
 -1.781041248313834 -0.8417928556632651 0.9997684712960588 1.065579734593529 2.187084275386777 1.756285038175768 1.424953863025789 -0.823802638332464 -1.459213254597981


