# Created by Octave 3.8.0, Sun Nov 16 02:43:07 2014 PST <xanderjanz@alexander-jansens-macbook-2.local>
# name: Theta1
# type: matrix
# rows: 10
# columns: 11
 0.02946235804631989 -0.01236487340119458 -0.01500971041996386 0.009528852964196326 -0.0089495816163691 0.009326846860983343 0.08247050173179496 0.03518413683391385 0.09384267193385747 0.03696121388977546 0.02517669841395158
 0.09107116127607182 -0.03885978763645336 -0.05627113008774241 0.01356633959368231 0.04940505308821349 0.01816930876368209 0.04914857848889342 0.05236349620110331 0.1084885885153202 0.07447167384091005 0.04482430124077064
 -0.07485489753210894 0.006221834765386223 0.04552522786211394 0.0198873995010372 0.03394474323812079 -0.05103247056677311 -0.02065346636100034 -0.06098081715960281 -0.02576913493153163 -0.02721901466934791 -0.02015220445725361
 -0.08983597068086301 -0.01011050829968416 0.03566613446992298 -0.008632960837661463 -0.03010371651752301 -0.1426089750068241 -0.1917785471510592 -0.1953416583688781 -0.2049973427520931 -0.2234608225056325 -0.1654725946860429
 0.06249749891488159 -0.0148887058346173 -0.03140875466720529 0.06939293028885601 0.08711791069443074 0.1398153912645857 0.1526458815960234 0.2374890471757515 0.1697017395787977 0.1941248147062391 0.2180276550582919
 0.08380921590992527 -0.01266207559338408 -0.01348917021963712 0.05678261534517804 -0.0185914436008515 0.0738706270332031 0.09957959927586976 0.03352532985562218 0.09714294904404508 0.109117320509879 0.07917740497630944
 0.01669322376517432 0.005448988935495985 -0.007979645644752681 0.06424471113565237 0.04523797794823775 0.1205143960876623 0.1564924347238759 0.1149529240523519 0.1175907526663396 0.117226112451235 0.08719601361381134
 0.009929735814691198 -0.03480013092879893 0.03530762858143421 -0.03546086848453107 -0.0103007579900583 0.06015301663350097 -0.002305591510201932 0.06070296655135986 0.04593003102562718 0.08355754103204786 0.02967448154826859
 -0.01189596164161742 0.03809766570810523 0.1041743704997037 -0.1200830248201411 -0.0816935566967765 -0.3038111303648377 -0.4557280037215072 -0.5073520569434451 -0.5348375425266932 -0.6928707569432427 -0.5291379000047669
 -0.09828916203227851 0.02252618931572769 -0.06193303819175751 0.0863615542196053 0.09572083370632632 0.1348801595802763 0.2733454532413747 0.2516387110721798 0.2751034988102273 0.3153923943129566 0.3177409394063168


