# Created by Octave 3.8.0, Sun Nov 16 02:43:07 2014 PST <xanderjanz@alexander-jansens-macbook-2.local>
# name: Theta2
# type: matrix
# rows: 10
# columns: 11
 -0.004762537784155648 -0.02595372998921686 -0.07532878956243079 0.01633896800903594 -0.03615523110065362 -0.04192420034136812 0.03932745634984809 -0.03162727398883146 0.04135955833396339 0.05216849094928819 0.01932884220830556
 0.01656978854575632 0.6454312550020773 0.410819766422848 -0.6640044873857116 0.4330934463243071 0.1532032471467056 -0.1660679754964279 0.09459823739867389 -0.2754660269964996 -0.8164620791217045 -0.3781978097102987
 0.01276158590376977 -0.003872358557689849 0.02457032476314727 0.02810299664615924 -0.002031307457224403 -0.03343719440019617 -0.04359910327695685 -0.0009885690534110537 -0.04062738464839046 0.04403761791517394 -0.04451396273477665
 0.04293477721523287 -0.1584333995435124 -0.1240566303614542 0.1355423301209984 -0.06126933285202492 -0.09778929398367599 -0.02066601871109464 -0.0004299455233849562 0.03669355953068816 0.2205279354580775 0.07331445310673318
 0.02522788527823907 0.02894204300525796 0.02416748214387517 0.03199162350942146 -0.01846212701241384 0.004551966560843888 0.01319629644596057 -0.0006578314600559393 -0.02081348670316575 -0.02619049900419555 -0.04455766986382617
 -0.06922425733395199 -0.08222173340128029 -0.04618061010824737 0.07685249001675916 -0.02335556881805129 -0.02013627797940182 0.06244964613370022 -0.03523763630111468 -0.007878428753647394 0.06795667117365155 0.04454406715828645
 0.1101427232443803 0.2314952478466262 0.1322698371326053 -0.157311630459227 0.1425805179740408 0.06880840385282308 -0.01722610705899627 0.02955693496160047 -0.1355892681570724 -0.2010858257992043 -0.1569465240817943
 -0.02537022708296582 -0.2387367036506516 -0.1410717543890969 0.2469011730496651 -0.1532080917214188 -0.09065857452977721 0.09370663444555898 -0.06983816346972785 0.1215580258173756 0.2528113150161648 0.1452745516329772
 -0.1102090082457394 -0.4701042849915091 -0.3189421114355624 0.4927014406136321 -0.3202997839206163 -0.09302604834605455 0.05141984426868861 -0.08051092726924423 0.2454449764927083 0.5111961899723345 0.2416019055942952
 -0.06808518413796143 -0.3910356590466132 -0.2006728565048679 0.3270850907775797 -0.2702143041784202 -0.08992422817715387 0.04639368632402085 -0.05397628290685803 0.2031634595879512 0.3796934299994938 0.2310133431808181


