# Created by Octave 3.8.0, Sun Nov 16 02:43:07 2014 PST <xanderjanz@alexander-jansens-macbook-2.local>
# name: Theta3
# type: matrix
# rows: 1
# columns: 11
 -0.001170848812346055 -0.67043590639503 1.768658332324497 -0.1968572481633434 -1.933389300287336 0.30872626984857 0.2365453068405858 -0.3069559908773231 0.3858740707653093 0.1837055390427562 0.5906755539330497


