# Created by Octave 3.8.0, Mon Nov 03 15:48:46 2014 PST <xanderjanz@alexander-jansens-macbook-2.local>
# name: Theta1
# type: matrix
# rows: 25
# columns: 51
 0.005986898434141253 -0.5156116794862877 -0.5167189887998525 -0.3831646260607009 -0.3110476712318205 -0.2242475122095584 -0.2139135297873315 -0.08777324820026232 0.048108695023858 -0.0594789241024648 -0.006809213782939817 0.02483713788610501 0.04697996268691361 0.1278158099478857 -0.0004590041308048976 -0.07101089808218929 0.01539586145086307 -0.1588181289613226 -0.1324370840650202 0.003595794614645491 0.04051219285877396 -0.1955321610593086 -0.1614309027939511 -0.1608084914939337 -0.1435989654820066 -0.07132489943909151 -0.03123027710823824 -0.1791792108151698 -0.228349655881453 -0.1091600538297244 -0.04485292115535879 -0.1029761061550425 -0.01467983232045696 -0.05110127126832561 0.04621906025436619 -0.07743681019426221 0.004428226278650496 -0.04271795198857961 -0.03788285478430595 -0.004500984332025506 0.007671295879017603 -0.004737754401907632 0.1853226834307012 0.1075163403881784 0.2164955916704279 0.3005161197661511 0.3351753826503768 0.1361811094203738 0.2327539987263392 0.3340071439506899 0.1414922428345881
 0.01578715735465004 0.3314543488863744 0.2373925840159203 0.1204125088411211 0.1875418314384251 0.1529662236959526 0.2855764026578616 0.3053861204060916 0.1427424726948686 0.09076410236343699 0.1412036713234746 0.05406759584150398 0.07670873160007569 -0.06824097823682219 -0.01598608882504891 0.1712894571084946 0.1441367025560178 0.2172349491659252 0.2363962931054649 0.1614968402962634 0.1248273656137023 0.2054473254726131 0.0550208238856125 0.1591968929837143 0.1129602866887953 0.1069303448940734 0.1165645007041335 0.1932514560296822 0.2043607402377567 0.05888833816836214 0.02771467160280598 -0.01359746953627692 0.03015310869271298 -0.01982653355376381 0.05399870526321604 -0.03160290838851156 -0.02415831560123679 0.1476927653914173 0.08379415106037039 0.01480074313363136 -0.03585654675937727 -0.04216390592875933 0.1026163895022197 0.1629729813082081 0.1067092395229828 -0.03986598876132399 0.06231439230608721 0.2034865827032271 0.2604778489367138 0.2357994085861963 0.01853683863028223
 0.1049763755605572 0.2735049424142181 0.2273985372845126 0.08400968435151072 0.09887206284099641 0.07641743872504446 0.09274437384155206 0.04341167194567219 -0.0190158702162442 0.07999032790534079 -0.01676573800387159 0.02852248945730993 -0.07910503067439582 -0.1170052631307895 -0.1292017376130666 -0.001238612007548472 -0.013118403961821 0.01656611769618539 -0.05054952913835181 -0.05583629136367971 -0.07244486936865362 -0.09070447479541666 -0.01867721615835397 -0.06150418868722764 -0.01622303867428718 -0.06992334463137656 0.03455259614186327 -0.1430603697910242 0.03712311396989634 0.02980467921551472 -0.08457534727457287 0.04533134572734644 0.05868879655079552 0.100464157947121 0.07934332182025394 0.1256435431980714 0.1052827586523351 -0.08048650286922023 0.00671305056777417 0.07648303162065907 0.04047336199294632 -0.01793953793333499 -0.07001553953535185 0.06318262473436528 0.04806864663589417 0.02241718033703515 0.02042085019908741 -0.01356690573632869 0.09772889193133293 -0.07187096150634024 -0.108565688696677
 0.06513852798305185 -0.3945193394675282 -0.2903258353935581 -0.1908411424437249 -0.2626213071347119 -0.118186089979905 -0.26608836606187 -0.2352884928270093 -0.02165539941359157 -0.09980826537292464 -0.07816612682926723 -0.05110231379012966 0.02469947177755646 0.1374447449087909 0.04408593855669513 0.1666620828294332 0.03224512318840206 -0.1836867246558077 -0.1859069894358051 0.03888178448398542 -0.0761087055462724 -0.1598886471338651 -0.1091755716973997 0.01212464247254562 -0.06979647925319203 0.09230689390170803 0.02100831682072809 -0.1099098853676423 -0.1166109630357679 -0.06601798463450437 -0.1193058978012152 -0.04448242998739385 -0.0738116299180621 0.05700287691393588 -0.007501903510648764 0.009080986014973657 0.04917981106959479 0.1943211564870173 0.1377889276548584 -0.04234205975908628 0.05779417649643033 0.00728881791907955 0.0909766214766283 -0.05553934995846665 -0.04650780433793018 -0.00582265335399747 0.06649178932958544 0.09596098979986886 0.07596051904352709 0.2115197504367382 0.2966293508957746
 0.08048339572714761 -0.005107925937188223 0.1240356575242856 -0.03424069770246721 0.0981955190939984 0.08444596167843293 -0.0548071078769511 0.09528144742771205 -0.01352774121424415 0.1055803326380973 0.05547395857193765 -0.001478498575987048 0.05248794375784332 0.05853833771925879 -0.01983626422018772 -0.1110239081288869 -0.004218475404298483 -0.02405567160335359 -0.05490745693176601 -0.0178693988456132 -0.009549957351801868 0.121170350044248 0.02553779454992732 -0.1057491011309975 0.03977721510862241 -0.05476616813435325 0.01888171669568734 0.04364410370135704 0.09471684609374562 0.05916581908291029 -0.09268243762061949 0.0810561655364027 -0.120589355716137 -0.07104587102187289 0.07744274189379392 0.03186299235344077 0.08471968236846034 -0.02444162948711371 -0.04736366413319605 0.06789444584174394 0.09803331248965397 0.02616324356172018 -0.09622203005163321 0.1340452883543382 0.0195644865059959 -0.0820450953528287 0.1062944625622887 0.03407193749959623 0.1080388835099534 0.05581417614528592 -0.06220106371905772
 0.02860437761604432 -0.02947480104291033 -0.08445740760914228 -0.08701185227939041 -0.07513298861385936 0.02674640294477828 0.07341323226353433 0.06358415813806981 -0.0203569800983209 -0.08369925522073975 0.01654713420703741 0.08788146769896865 0.05201117805561169 -0.07779275011580133 -0.0145323273142903 0.005252104461470228 -0.001772972667505594 -0.0958971787308 0.005836199418408308 0.06485138877693994 -0.05914465869269292 -0.01910912623683462 -0.04606057115757036 0.03139300439464547 -0.06517490169720475 -0.01040083858902681 -0.08415321684764383 -0.05739997136660391 -0.02261534970692502 -0.05933736994015397 -0.05146825939966151 0.1091480843200308 -0.01118870944936637 0.07364530236014988 0.1358931430422104 0.1288659366598634 0.1342328374466545 0.02425003077438788 0.02283686648654746 -0.06101571485169596 -0.05521427498711658 0.1296394653097014 0.06259904488815723 0.08347319404297038 0.07594356402470531 0.1223651924212541 -0.03756387575276545 0.04171815265509162 0.018271547265121 0.120251435105625 0.1138111604653635
 -0.05946819117844609 0.03777634085967132 0.1130240025843803 0.125712113721593 0.09255079668848544 0.08037065778004432 0.06627288463411352 0.03387254229066171 0.0765361508795806 -0.009650457868332334 0.1149090127742354 -0.006402924371709189 -0.0589811844813198 0.06979978623592287 -0.01238986276867722 0.08461598608936752 0.09720139376481512 0.1189861619034062 -0.0722839747753633 0.120362958276557 0.08759402006983537 -0.009766242535091962 -0.06697684454970841 0.1070273146567739 0.02377262062206292 -0.0121220796996704 0.05328434399795913 -0.1645307747140491 0.03208527583796834 -0.03159565965575928 -0.189336137185446 -0.01257087546571896 -0.1239890801791699 -0.1132499780864723 -0.07413106987819622 0.01860806974342435 0.08150885093286778 0.09066446929347605 0.05049523171919938 -0.03468962613403409 -0.04677017659629495 -0.1518047457403797 -0.094101160346393 -0.06494735776613453 -0.08141439096913312 -0.01876195555555494 -0.189360979125425 -0.02159695575021538 -0.115325151048839 -0.1354840406086247 -0.0003255616754533205
