# Created by Octave 3.8.0, Mon Nov 03 18:35:18 2014 PST <xanderjanz@alexander-jansens-macbook-2.local>
# name: Theta1
# type: matrix
# rows: 25
# columns: 11
 -0.6897043320630177 1.024357073966849 -0.858385317943369 -0.7811812531348389 -0.6988921551185212 -0.5919180651449726 -0.6449857372316633 -0.5970339478545804 -0.3881461359061111 -0.4202585119597735 -0.3134605532285507
 -2.406045940184565 2.541116576788771 0.2374550419481959 0.2606882884588808 0.03436004286494251 0.05630642713604791 -0.02921907099276072 0.09149318913977168 -0.05183870005143933 0.06737586418432549 -0.1422128006913635
 3.947272271174484 -2.919483025051632 -0.5918993938875518 -0.2989893936611853 -0.04743018833339895 -0.2677694181793669 0.009717245557215898 -0.1631282133165659 -0.02814564886692206 -0.1049471893949517 -0.03286097009478268
 -0.6122388899083466 3.086405698258357 -0.4005392445106215 -0.4972040664592998 -1.492600952451141 -1.080275924889285 -0.7672567662660591 -1.202266379481916 -0.8907454994209627 -1.329230226556659 -1.107267139190879
 0.6771721908027226 1.036239789887931 -0.1497161529322808 -0.6666524441005295 -1.477916947822171 -1.124695450534237 -0.8213038666005188 -1.199037267625724 -1.233402545052728 -1.725555236762192 -1.261131044420309
 -2.365241840243634 2.729856736059292 0.2614692359571775 0.1747935784544183 0.03208070166757408 0.05512276846793253 0.1223168313480599 0.02217276233165609 -0.09694520317372607 -0.09839337226414756 -0.2445303417262575
 -0.5224960732418062 -3.287370846703774 -1.169321473221165 -0.7175617744056509 -0.1202153180861237 -0.8923984924696854 -1.113161608953807 -1.228657760489427 -1.965791039622268 -1.254274239438635 -1.154646682618775
 -0.3693470802256829 -1.983774540180367 -0.9973511373659349 -0.8009001207159729 -0.3937218158359729 -0.8262414425011451 -0.9994774004555408 -0.923511485316143 -1.340058467832022 -1.056347400692683 -0.9742730582636417
 0.1293093083830268 -1.011537254311231 0.4327809701275705 0.5914011069295212 0.979811097709797 0.795345198678898 0.5818261121632834 0.8893468897466505 0.7912408904509934 1.132766275202777 1.070104255312593
 0.09922979328149449 -0.6911299020977953 -0.6555953564485831 -0.7470688479418717 -0.6099156775088838 -0.6773522688883989 -1.014160738258442 -0.9683460343570299 -0.9443946586494784 -1.116582026072331 -1.007501764384057
 0.2708371905767568 -1.130253667115778 -0.5126226932418837 -0.225115146634831 -0.1598634482724101 -0.2121028657263418 -0.5008930826174898 -0.4503786762673284 -0.3801707308240276 -0.4014996460371463 -0.3027420279917417
 0.2129222395238345 0.02534641854215003 -0.6091734886701647 -0.7114079058838062 -1.002441538919792 -0.7878483720917637 -0.7813933253907517 -1.006074356673312 -0.8962654247597923 -0.9996800674418762 -0.9640998079584259
 -0.2647578326786686 2.792206708370059 0.773035530034758 0.5324788807998567 -0.05786392483417313 0.3438260207710743 0.6564312355996075 0.5458347516566218 0.7675407649893689 0.3869894381420928 0.3570917586407608
 4.118421419327398 -3.561448750036926 -0.3155817136584687 -0.3146974892369637 -0.2012096381001862 -0.1836623735802507 0.04734147502089882 -0.00637524761569663 0.08271403386447583 -0.1666216430550871 0.1139688851639383
 0.07561684431889851 -0.8208795374734217 0.3079913348874326 0.4859233293277647 1.061905054761866 0.7910616546726548 0.6461163984180953 0.9281856987710103 0.7873827297019559 1.129978389680219 1.057633114718745
 0.0337325949447917 0.7380262318448287 0.4125353349864641 0.5931121136266736 0.5489644278793256 0.4315078080024491 0.5131207852544621 0.56532160372102 0.5725321402259428 0.6868165408497841 0.5978725899473291
 -0.09700907757078288 0.3664112318231186 0.8707790798883719 0.8951686593510526 0.885415072884183 0.7100994396666201 0.9147863261573321 0.964817996681444 0.8471947562757044 0.8689939482390318 0.7276311856222085
 4.904069644249302 -3.630828518420151 -0.4301092263665426 -0.1957972080282033 -0.3387851685593085 -0.2899748199171006 0.06286658009258296 -0.107740088707488 0.02367660200795766 -0.1621945903901662 -0.1857520418810852
 -2.743578487906264 7.358740498040137 -1.608002291457601 -0.7505172773129684 -0.6642565566935256 -0.6026032005922863 -0.2724703944949436 -0.3200865691569827 0.09440051612626496 -0.1697743373446472 0.02753880016798428
 0.4311542956828159 2.943162601784473 1.254038701274512 0.7317258739874206 0.2472713272554542 0.8164343416364442 1.115142866263563 1.087689395197499 1.603747323954814 1.200913185872688 1.039889642969659
 -0.210925132401039 -1.435288825713428 0.03380240414337166 0.4177517659129621 1.282790534283418 1.14147119503076 0.5921602998986507 0.8853905726034469 1.170615874452743 1.450470108576233 1.352755914400732
 2.933159568779088 -2.029021694516741 -0.3521932850575614 -0.3405368861743978 -0.174817824802156 -0.2550176659769603 -0.02919024764836681 -0.06998554044730856 -0.1488769243974249 -0.2005534432619955 -0.2020527504118506
 -4.597306124276347 4.622863850186234 0.08982915678629844 0.003031163637812787 -0.01650739680243136 0.01839319564357082 0.0816334298727073 0.04671299845554441 0.03466316515432923 -0.0001322253922779997 -0.002817173392708643
 5.891392720237085 -5.064737825665988 -0.3852955518269143 -0.2859633381271873 -0.3124319445735139 -0.2279010702098758 0.02935124048186378 0.07963361792619951 0.06257253664550451 -0.04062495881439764 0.00585066742981279
 1.467875729997568 -2.128501598793769 -0.3722206417436187 -0.02402387019783759 0.4777599352669518 0.1134485324690383 -0.1912954277492817 -0.03382897698511035 -0.1589048727178237 -0.06008270763213643 -0.03926208808233619


