# Created by Octave 3.8.0, Mon Nov 03 18:35:18 2014 PST <xanderjanz@alexander-jansens-macbook-2.local>
# name: Theta2
# type: matrix
# rows: 25
# columns: 26
 0.1859247869739255 -0.2573342065034513 0.5562576282885723 -0.2119886742875921 -0.1499856690010367 -0.3878384762356439 0.5613196566699863 0.1473569045705866 0.09902638463356292 0.005544061631142465 -0.04138018712416654 0.002276571197112665 -0.347765680050491 -0.09972313832023502 -0.6166235027049251 0.004687156661313628 0.1271699296795418 0.5625706859455375 -0.06826799361579433 0.6866088793742662 -0.1620183548725127 0.06024546325391855 -0.1943897896494095 0.7711774122838243 -0.2099532409676148 0.02265121090713342
 -0.1488420045360347 -0.1679155058009641 -0.1823318545375495 0.1673337065301918 -0.4811080036773673 -0.2676107455808935 -0.3068219628025122 0.3626733314561668 0.2686524218611696 0.07407261372452859 -0.1031821672118214 0.0865626661772825 -0.1854118109433649 -0.40381468934055 0.06718567390994189 0.1102797780489328 -0.08907255071539959 -0.01840679065491461 0.390638023405564 -0.5246820260661968 -0.3771643419732889 0.03702299840076488 0.2158445316855603 -0.2798963817930387 0.2928801390832377 0.2994555916256053
 -0.01891693689035041 -0.1342304182662326 0.751859774574864 -0.6368638761882403 0.1274259285708559 -0.03867169830526041 0.8042577191366885 -0.2438984573227461 -0.08214286599637137 -0.1871029359233021 -0.165581195212698 -0.06053412755973002 -0.1435252558041721 0.05414475915852927 -0.899022422386219 -0.1362156922660326 -0.007160894216995866 0.09896153320760341 -0.7031247092132907 1.25682204216129 0.2311298091990094 -0.3384078554308691 -0.6094737751727358 0.9278173425562249 -1.039826494185906 -0.2298603107035814
 -0.01863436511292667 -0.4379242667534964 -0.01053314124277152 -0.05657680354206391 -0.1309660612578453 -0.1382386342802175 0.1628077587246006 0.1549392696418696 0.1841851160936035 -0.1746406253631344 -0.1003227892750074 0.004519771835711846 -0.1088422364221873 -0.3234276944762237 -0.2965356010808209 -0.2240153543218971 -0.2001470986290605 0.2286940879751211 -0.0003188577561698999 0.3177465143807187 -0.3293120236279946 -0.07071524750444902 0.05546361493760634 0.1494445455382609 -0.1394907142588336 0.05843588077781979
 -0.2207813006165961 -0.7667936969852771 -0.2528665811865657 0.1963399180898695 -1.223293531603938 -0.9484481103562259 -0.05681801837641457 0.699337045157139 0.2584197225736782 -0.08695338556841378 -0.2425055089860681 0.06034976768676133 -0.7144664304976528 -0.9166868217014635 -0.09860248320519195 0.08459883775834721 -0.1634952145880428 0.4745897094217306 0.3459774294693292 -1.121992305726547 -1.026907015000214 0.3074162146009253 0.006525261474649012 -0.4107011030500226 0.4279192967722259 0.4635684003392744
 -0.1266952164924745 0.320465131020895 1.159055737905514 -1.624665687712315 1.304677547649609 0.8230828595000979 1.157271454317677 -1.102431945562962 -0.5495764897473546 -0.4388821453484784 -0.003923930607183651 -0.4756621844753495 0.3789049777836282 0.8853479755880401 -1.512544387193949 -0.4239698214591948 0.114391625360144 -0.3613660585629496 -1.987889672129861 2.413553461652057 0.9008394352405572 -0.7571196781128388 -1.295465760896622 1.799314034960663 -2.287269004553925 -0.8856614833951768
 -0.3923587918372263 0.3571139884119874 -0.2662104119204874 -0.1319786889227304 0.4332973836900137 0.3366698868666494 -0.4520146005324033 -0.5415151915917584 -0.430371432319528 -0.2867383405939556 -0.1173175346155379 -0.2318758908652824 0.3374971831766646 0.2016048756028347 0.01267434704868591 -0.2643424493787629 -0.1648837359930542 -0.7707101630456751 -0.5485312883893986 0.1152915623550375 0.2088864701146563 -0.3402319302263762 -0.1089208006521052 -0.3462449103963697 -0.3046346411468766 -0.4138701759236375
 -0.1719019394356115 0.6421697733488358 1.527011175020683 -2.130048909719336 2.007324714307866 1.212900877613802 1.701624797652706 -1.717711448697667 -0.9920258685166838 -0.7413781509758288 -0.1109076092235391 -0.6488579415751946 0.518326571732561 1.375511832653507 -2.312524708146217 -0.8323832942694996 0.0394564854819813 -0.5665357633458528 -2.674036328641861 3.803635883559733 1.280920920410062 -1.113146951507357 -1.526358551243504 2.797948116424571 -3.520690670197226 -1.363714502766127
 0.08246287026182751 0.371582366186048 -0.8373688282781505 1.008479927441668 -0.05557336536471294 0.1799015360663718 -0.965097732082194 0.0986502547399471 0.1051156992301164 0.2510850928139093 0.06241931000784143 0.07376204530416615 0.1114287445245865 -0.008814154759991815 1.060902110054764 0.02470460316345027 -0.05160674442371171 -0.1993783559442591 0.7836891461091198 -1.10981196835245 -0.07413986825688879 0.271750927719093 0.7991509458404331 -1.115211987323112 1.025618546389224 0.209646437656029
 -0.09240901456887116 0.02590849798077387 -0.03362290125964136 -0.09489157802797098 0.5147225717096888 0.3667652314978385 -0.003492118882725564 -0.4967824236008676 -0.3648838082334024 -0.1938779670886952 -0.03584328828505955 -0.1708517509184525 0.1387328137914301 0.2608114610299999 -0.06355276111368108 -0.3999568031227023 -0.05402213390575852 -0.5292196975156553 -0.432956439139291 0.4378468327253908 0.1821727441521911 -0.403351352468823 -0.1255246094854143 0.08403047787081812 -0.4146622203823137 -0.2777600645461489
 0.002025942991609173 -0.6039348585155714 -0.9919500465334072 1.345109445341341 -1.772896006010261 -1.343150096374111 -0.7590269516120984 1.62870167727318 1.080329003741779 0.2240645354930103 -0.06902929566293632 0.3201133316297173 -0.7185488232981353 -1.235314157774237 1.208036467349139 0.5887364607110486 -0.1234905066756675 0.9371118007672229 2.075166040301532 -2.396621423371597 -1.492401907258905 0.9127178631347911 1.045999761903957 -1.428684854148755 2.19576513057556 1.318073028670142
 0.02808858458384907 -0.08709893628241973 0.3873397718640736 -0.4712136612163346 0.1382288677002845 0.1365626794561837 0.3387312093735119 -0.2196600950686165 -0.2180102744665164 -0.1942714791891904 0.05017800146271567 -0.01070903368254389 0.03353686782807203 0.1869152674271401 -0.4961175152303628 -0.03895352996124442 0.07853570783359616 0.1760310832938159 -0.468852063764889 1.021864958609188 0.1426673913208351 -0.3006034326291035 -0.1788314402299171 0.7359205016620239 -0.4837949043275397 -0.2420792135471069
 0.1510667218725988 -0.3886632865093765 -1.268179572370407 1.693172676689209 -1.515561245494285 -1.177983236938126 -0.9555953292373505 1.399856943984897 0.8669362798249043 0.423143307557129 -0.06270801745512358 0.4211327106699242 -0.6172919392548942 -1.157923554637011 1.703605140263089 0.5661528156473039 -0.1837749640582402 0.5890535473999371 2.075891421780589 -2.662400659660432 -1.214161118916887 0.9205485106866197 1.267938347210498 -1.955420466339344 2.580874485935369 1.137987324156773
 0.118998106231361 -0.25495263267386 -0.4890525406634014 0.6227130435667073 -1.156341754671168 -0.8421469366873841 -0.3328423438271772 1.00079812071773 0.7289253646603401 0.1171053805916096 -0.08870793066587743 0.1822732549166094 -0.5826491170152878 -0.9763394519576537 0.4705910388035171 0.4023005005231661 -0.1141599821657289 0.7011606770433345 1.020876790773259 -1.397759118651104 -1.01792067339075 0.4713805692703927 0.648394917884125 -0.7809534142292074 1.289163956610965 0.7338876721933044
 0.3175138415827045 -0.5766902691258921 -1.747243609036036 2.330304728553271 -1.747648201474467 -0.9293398298957068 -2.022078930304173 1.409920625589147 0.6851246070730167 0.9083025052986112 0.01681001159463178 0.5073976764269709 -0.1478385828062835 -1.005880109242177 2.759241622698758 0.7772371716276263 -0.1351593546262805 0.1605379176591315 2.716864497472034 -4.050286568190946 -1.115929315433375 1.22615776833282 1.74758176989451 -3.24216059223043 3.642383842358891 1.314713672139716
