# Created by Octave 3.8.0, Mon Nov 03 15:48:46 2014 PST <xanderjanz@alexander-jansens-macbook-2.local>
# name: Theta2
# type: matrix
# rows: 25
# columns: 26
 0.005459969957176602 -0.06513933230970338 -0.01943209849356087 -0.0718421850903225 -0.09807750584931746 0.006713189353369682 0.03792246994369702 0.03080899983670717 -0.01537904464603375 -0.09355876019111241 0.04023204293900194 0.04713461699254432 0.1254471804627987 0.0812861400974761 -0.01179777991770956 0.001616912015614638 0.007328365959446873 0.0499621874818269 -0.1131935622010432 -0.02931413710325995 0.09063977380219429 -0.01143158943410456 -0.01715517388832796 0.1228357864851782 -0.09756806689485642 -0.05812403951307069
 0.05987894566811035 -0.1329468348606868 -0.007326067641785713 0.01615972731769526 -0.1436555012517138 -0.02139914996594001 0.05158793038208263 0.1081573333345116 0.05530028465652777 -0.03039971861436723 -0.1516343326596599 0.08826506592055154 0.07601521989264542 0.08947515597204411 -0.022083278062889 -0.1361269823784834 -0.1141753843244408 -0.141440330822725 -0.1788603368974202 0.1602709920529453 0.07401725002323821 -0.03709730800600219 -0.02667799044663112 0.1387338631109656 -0.03591958696946122 -0.02414692623949884
 -0.05010712924585619 0.08326000948414139 0.003313783863990137 -0.1930754362899466 0.1627660744666544 -0.02047530990450582 0.09972258104677176 -0.001699523836217229 -0.07044059540229346 0.01845588259702076 0.08113830988773102 -0.2838328478128426 -0.195953361708817 -0.02240394085110018 -0.08438648655358057 0.09050344455600065 0.04608778787708177 0.1790696886585381 0.02250799205868804 0.03137661945666318 -0.1661652956834825 0.01152268889268999 0.1670649904528676 -0.1149125025368946 0.2228951428962634 0.02692665151475761
 0.006066113283312332 0.3593500891230997 -0.1716945245563571 -0.2706544032155963 0.2606195887900744 -0.09616314007509202 -0.05588475647496453 -0.05390461208133628 -0.1922954561315842 0.2727429962995258 0.21160973534645 -0.3773934297847068 -0.07947190016666876 -0.05933276571342488 -0.3029540811336699 0.1463930582833332 0.1867277334699004 0.2224034249596319 0.2322522011966862 -0.1965347694439299 -0.2354694851496535 0.1557497492714121 0.05475217892840482 -0.2722231012237227 0.1739850945913199 -0.1668463153158223
 -0.0841329124563449 0.2326017882767305 -0.02700631136238271 -0.04239873355594104 0.1807796082264073 -0.02756720023129174 -0.01603077739403998 -0.008769329897793344 -0.1107262973146074 0.173551294480749 0.06486985193222101 -0.236815519591359 -0.1591677602278091 -0.1116908109103018 -0.06791608526927528 0.07159432847021076 0.1443354538989575 0.1022543362795727 0.02064384139737043 -0.1203953561694757 -0.07310436582828152 0.08813753709833864 -0.01372470311090957 -0.1610512159297098 0.005412685444824649 0.0666242461192403
 -0.0009963267744384054 0.09945957213633398 -0.0177793985675401 0.05516636347862732 0.05044184177130528 -0.1190520251494559 -0.02361443608471961 0.009049326180657086 -0.00254434608152094 0.1517062981261146 0.01654215385944805 -0.0791712104390157 -0.05404763017786644 0.04724850504601057 -0.03291773409364296 0.04601753382536174 0.09116683757215123 0.1621299756920437 0.07761244956560055 0.04922991091980371 -0.1303608332857754 -0.05354200635280967 0.1337700682777234 -0.07189676381370398 0.02861849442124103 -0.05564948029031525
 0.08819561486818597 -0.1183742745035137 0.1831339889654336 0.1929601820339039 -0.07442563157144866 0.0001507126251839893 0.003749292606625289 0.04982550796030102 0.08197772211476911 -0.03780439383965351 -0.1510633880794646 0.2866008109871928 0.1030353849413248 0.04055318277862169 0.04915218178584981 -0.1252282778112409 -0.2120699512260469 -0.2559695705433738 -0.08049155905018418 -0.01395402703911601 0.2127704089103614 0.06988387114271719 -0.2076779983614587 0.1679859393835912 -0.09957155498310624 0.03033798993499705
 -0.0414433419303195 -0.001974490427467883 0.07083150470302915 0.07941277922117064 0.01330870495494017 0.01345016632911365 -0.07857330465787747 0.05666340595408417 -0.008523446435010669 -0.0368366944918882 -0.05132699020487091 -0.06040776067258338 -0.04571005310102202 -0.08995456967480732 -0.03193428406149359 -0.1006961646999222 0.04915272081515076 -0.001270547242343896 0.002682861770480682 -0.03713699400958015 0.1235901608592921 -0.03950592015084756 0.08598598359920873 -0.03137201795232147 -0.05422111492653885 -0.01402666540935728
 -0.05223121795091108 -0.403332257896036 0.1509773472829732 0.1393955325282329 -0.1173233296818254 0.1840841769720507 0.02385645432268125 0.1779355996116089 0.1917319581745368 -0.1524275596847829 -0.03074720418791767 0.4084941737121283 0.2767489000430926 0.09995908783649081 0.2664018767599477 -0.09423082702998571 -0.1281184184808819 -0.26417879693024 -0.2877361104742343 0.1098906275429199 0.08850187837229352 -0.1391574740280444 -0.2351895967235113 0.1295752209825724 -0.3157000229387844 0.1805749554241863
 0.1161984423073962 -0.2854622102427017 0.1057497774272073 0.2187095156183258 -0.2239068407016634 0.02699375050389671 -0.02165750143262046 -0.01497193165987583 0.08660733378090534 -0.1043939644423578 -0.1110022959736585 0.2470698673044072 0.1402520483532591 0.08134898398216281 0.2732499315885324 -0.184087139113203 -0.09003804429835796 -0.2436938993046774 -0.2189454091455233 0.01717729132947542 0.09039823101726312 -0.09707455546943793 -0.156649308332357 0.1247394899208777 -0.2176535126237889 0.1759969567953551
 0.09309510328328024 -0.4641900651408761 0.2175468287376216 0.2867090951444581 -0.1562355310995223 0.06953975243087958 0.06458453659931984 0.167066322250381 0.2303441323626151 -0.2830809348447435 -0.05699144277442921 0.3776193539330572 0.2757183087385777 0.1087692161503515 0.2545143019205013 -0.1718028713186089 -0.326798966136759 -0.2926850245756515 -0.2319178848511397 0.09873707018140465 0.2876618104152572 -0.1439738367244094 -0.1784054609685626 0.1271058338666185 -0.3169453463155648 0.1987471999441701
 0.06014378636710217 -0.09038416280282145 0.04841193621848789 0.04095921830647788 0.03584451145297195 0.1039384284566173 0.01421796575454545 -0.07984163003418762 0.0966110178146489 -0.01425706200364335 0.02976601635442085 -0.04930912392783292 0.119569710829824 0.07709002220233395 0.137098231173955 -0.1039777981361843 -0.05016611879496315 -0.1146049719981192 -0.02073344717477366 -0.07867698005050743 0.1194980823426236 -0.09975488812255388 0.05410203345520016 -0.06126804071319052 -0.03035864398923777 0.1080102797089207
 0.1009197406122096 -0.173068923930318 0.1898143580888536 0.04639260155075419 -0.1916362058518577 0.1042715392343102 -0.06284980773348699 0.09184238834991153 0.08795032814265263 -0.07159001220244431 -0.1419954365993785 0.1048464356571537 0.1815558579968856 -0.01276680425008528 0.1030692417087429 -0.1843079641075471 -0.03618268446609497 -0.114531280104633 -0.2185376105507839 0.07269504519689474 0.119502397593601 -0.1572489461368813 -0.08282588714897696 0.1541295020123167 -0.0674341334047648 -0.02620243937098862
 -0.01055900569946105 0.06873447975304972 -0.02661365228850995 -0.02822078918428033 -0.007170622242882906 0.08005902729540691 0.04884974153655939 -0.02221688522692512 0.02525508805708483 0.03219554049497832 -0.1093068610884107 -0.09932116929333408 -0.004501136779275909 0.05846465840615044 0.07322930660966862 -0.1062656541339181 -0.1079176576007004 0.07909733201707354 -0.01976116399014553 -0.03627910736987815 0.07829339704598604 0.04797919535436799 0.03829162184555929 0.07538109299066666 0.05383694196905575 0.05663263919067564
 0.1153348015430738 0.01800170231976532 -0.0660404975306009 -0.08445702350719247 0.1071378949668172 -0.03589798756381215 -0.009968059537571156 -0.07179061178175983 0.0231303042186454 0.1298786350325657 0.02929946567057834 -0.2033906151348097 0.03788413893779608 -0.06074540598737117 -0.006483847204480861 0.01218494895926528 0.03877369862897991 0.05197708278583516 0.1129064326655785 -0.01919817105012417 -0.1216196125595837 -0.04326297353113686 0.1611781189837944 -0.1054790717972438 0.03104511556597903 -0.1058111758079321
