# Created by Octave 3.8.0, Mon Nov 03 15:48:46 2014 PST <xanderjanz@alexander-jansens-macbook-2.local>
# name: Theta3
# type: matrix
# rows: 2
# columns: 26
 0.3137757664487039 0.04729872944822593 -0.2409202440237244 0.4178945777388119 0.8202769385431998 0.4166643594592325 0.1700573106849139 -0.3156377194633126 0.1656406157715599 -0.6628941601346777 -0.5299577186523629 -0.7733637052069681 -0.1279317373140693 -0.2629392041413686 0.04765857819370334 0.2646158173383294 0.6270676191346511 0.2780025675347952 0.03747464613386806 -0.338309652218856 0.415097718678361 -0.5401963931993737 -0.5147860539775972 0.2599704817893638 -0.4716661591334279 -0.7111145712719896
 -0.2936116331384465 0.1274649448705355 0.1768842422286606 -0.4533757951530475 -0.8609425260930927 -0.3927332779684441 -0.3194306885628016 0.3778922891576675 0.03696648477286698 0.6811376408512362 0.487746246219674 0.7734932346899234 -0.02307868282201853 0.3036703411440784 -0.0799639780575145 -0.3139072067439048 -0.608358732379332 -0.1336164445533763 0.007400323412375942 0.172392513331477 -0.4495929647241647 0.5667137569736953 0.6680079882265009 -0.2414906954051228 0.3890547499625352 0.658316864101001


