# Created by Octave 3.8.0, Mon Nov 03 18:35:18 2014 PST <xanderjanz@alexander-jansens-macbook-2.local>
# name: Theta3
# type: matrix
# rows: 2
# columns: 26
 1.37180867840428 2.287906003828097 -0.2452218174759077 2.462766301353376 0.4633178282682591 0.06223003774532553 4.387451631294418 -0.2745223834919753 6.405165840780308 -2.324281836367339 0.2893738817318897 -2.921280786974318 1.487226162133624 -3.796965634537523 -1.249568430535369 -6.904571741774848 3.047659905145185 -0.08753737958906925 -1.647740624125279 -3.110984770359735 -5.646221881473932 1.838827819070235 -1.466018580932463 -4.336090773161851 -0.4541238094254194 -0.5738246531724492
 -1.523424276286808 -2.332414930024881 0.1887891490174985 -2.578040116380453 -0.4400967372851513 -0.07772574560448295 -4.313352538041616 0.3016097590923552 -6.367335959887447 2.383742508478115 -0.3045994275005606 2.904578848120294 -1.293285768314981 3.865099912574653 1.153332782776076 6.857583820325578 -3.180191759442303 0.1849770133792322 1.634233440695394 3.244771810704892 5.894168356094852 -1.811606989941551 1.391427579174209 4.316212985493699 0.4449099557215374 0.4317194520602136


