# Created by Octave 3.8.0, Mon Nov 17 11:01:52 2014 PST <xanderjanz@alexander-jansens-macbook-2.local>
# name: Theta1
# type: matrix
# rows: 10
# columns: 11
 -0.1391818842097541 -2.442594390209351 -1.042880061094763 2.253690002358242 1.875723574627347 -0.3510749153338027 0.8180725301970883 -0.3211701714338409 1.300730297294128 0.5738237344288264 -0.9502938365530439
 0.201410381423949 2.037204242069869 0.4627962385487526 2.213211939782011 -0.2273821274900256 -1.469540594876683 0.08948420447082812 -0.7768995344194661 -1.90220843161405 -0.5759914628425381 0.9624685872529342
 1.42679354127129 0.3213708021484269 1.863029281401407 -0.2255910322277661 -1.596981986279134 -0.9602181203073602 0.1258478924378531 -0.784000673437649 -0.5627508534660627 -0.6925631814424724 -1.362609807884401
 0.2222177013917757 -0.09029515942221145 -0.1372260142693867 -0.1198875060150744 0.6964062220458683 0.3575397057659941 0.8719392787055472 0.0379745156336988 -0.05325237864180193 0.3454077526415692 0.4556736547996243
 0.1748214865249144 1.56256526449369 -0.2703744646332951 0.6600176465120688 1.751498507236515 -0.7604883700890953 -0.605098818542867 0.6689082756074753 1.34568896422752 0.3225735296879316 -0.5584659530410306
 0.2647549583180506 -1.582856361096316 0.8007096767958514 -1.530390827606084 -0.6669819372047413 0.1387589687735417 -0.2825117961143996 -0.9758659212596631 -0.3580557947418986 -0.9052846271459831 -0.8756219251724806
 0.9069135816043171 0.2933520178938782 0.8533043676533743 -0.5004217853409451 1.235598933405455 -0.743329558899672 1.890284246709061 -1.06795340765218 -0.06829382834856797 0.9331636954644826 1.121352296828465
 0.1984129246162643 2.739986648060935 0.2671732064529895 -1.872218865340868 -0.4284074866690504 -0.6254781817855652 0.04699370514719463 -1.001606537342354 -2.669263972210535 -0.5085579209366887 0.9831488289104919
 0.01704543699945046 -2.388851946900486 -2.611551150113421 -1.787299942334574 0.6141047497693894 0.946932546329724 1.705150440139605 0.06104887631112357 -0.09960960778691365 1.48931858021436 -0.6580304653075342
 1.353650140829409 0.2002077214455255 -0.5783094075050732 -0.4943058890393388 0.3427446525803692 -0.841971692183528 1.420415777536293 -0.7783139566539944 -1.182294553462774 0.5706447700809733 0.4235499588989907


