# Created by Octave 3.8.0, Mon Nov 17 11:01:52 2014 PST <xanderjanz@alexander-jansens-macbook-2.local>
# name: Theta2
# type: matrix
# rows: 10
# columns: 11
 -0.6857670257663612 -1.503660976627034 2.030245666661865 -0.7136213791018247 -0.04689009948226309 1.030377328509208 1.851817264889327 0.7352855890291363 -1.705104798897804 1.323364865472576 -1.282082167319126
 0.2023308628391894 0.5652110518298482 -0.8101755838534855 0.1852637963211378 0.002721390244951763 -0.4036547036761101 -0.6992157818879221 -0.2559475038741437 0.5607269508380766 -0.5916378515622303 0.5117236936603153
 -0.1741517578785874 -0.5248903030027003 0.695079509068367 -0.3166004481314991 0.03601383785969398 0.4765783583676004 0.7119258485148305 0.3327604361566948 -0.7242832786183783 0.5230652168590856 -0.4621913173778484
 0.6117800182515089 1.399952197114879 -1.834843475963063 0.6422050714583669 0.001208862516996995 -0.9274646875310221 -1.706140376349334 -0.7018144866335577 1.524848536601397 -1.200257304827467 1.215403384470958
 0.3246665596454633 1.110143467072002 -1.380720137905009 0.5049575144140864 0.02240735046694649 -0.7118946548403309 -1.270860814978626 -0.5106386951459997 1.203407907668516 -0.90056885483452 0.9289885830696817
 0.4636495886946432 1.180081182326423 -1.54917093948858 0.4761223179805384 0.02603198393433984 -0.7569616798709486 -1.269663992604783 -0.5473483273272312 1.242772313663345 -1.057277182218599 0.9789005022421687
 0.1620629883967388 0.5744447500748233 -0.7235159363197923 0.2230972667886588 -0.02686856121201909 -0.3807279196357748 -0.6616146322502855 -0.3621157192954122 0.6574824317114162 -0.4930992629508936 0.4724418560504432
 -0.5368917192269156 -1.362176617640054 1.780873954940893 -0.5763884921240363 -0.04108627552254809 0.9024922609410977 1.5547913952096 0.6334293184829681 -1.471806294937267 1.203021727267402 -1.171850653894238
 -0.2519451622847326 -0.6932622878050072 1.009967968153722 -0.2395283312523982 -0.02616631596347082 0.4440624581218957 0.765942646933043 0.3052496435971647 -0.7459245116797981 0.7269044888356079 -0.5920120836391491
 -0.1224799726967867 -0.4378222779864128 0.4571052178699693 -0.2981142205272895 0.1098669344310628 0.392428320333125 0.5244105484868665 0.3890145320954776 -0.5395542910017038 0.3885806976962251 -0.3865203919237138


