# Created by Octave 3.8.0, Mon Nov 17 11:01:52 2014 PST <xanderjanz@alexander-jansens-macbook-2.local>
# name: Theta3
# type: matrix
# rows: 1
# columns: 11
 -0.04607989254259244 4.312613476119791 -1.653049763031625 1.638642133902793 -3.946057318577263 -3.001055510531406 -3.224219165740369 -1.595595381348007 3.775186584752905 1.983124190238471 1.244064934047763


