# Created by Octave 3.8.0, Sun Nov 16 03:16:28 2014 PST <xanderjanz@alexander-jansens-macbook-2.local>
# name: Theta1
# type: matrix
# rows: 10
# columns: 11
 -0.05112319644779276 0.2224207587365147 -0.4429304215180437 -0.1751974979738482 -0.347977873846847 0.08124399381521394 0.192963785856946 0.2137558292841154 0.281829661405034 0.3461524832145864 -0.2579611040664291
 0.03083645735636157 0.1438694933347323 -0.3840784968553311 -0.1297258994247988 -0.2318654245804144 0.06726517299114194 0.1239861855046451 0.1726687677358765 0.2366840935493009 0.2903342211581979 -0.2100111772891789
 0.02146438104270378 -0.23447609234026 0.4695363095847942 0.1868007349883736 0.3466655116854586 -0.1599053310829003 -0.1616744296919488 -0.2632629261906683 -0.2634572950499329 -0.3803104358392254 0.247919684666641
 -0.1043777029301737 -0.0362100790599542 -0.05598081800622656 -0.07086038418513967 -0.1165228625503802 -0.1423468294107939 -0.1631565657712855 -0.1500683759218196 -0.1571708024269559 -0.1651247982150124 -0.1984013495321238
 0.0309727357794222 -0.03651065699789496 -0.216120468600092 -0.03493349760442765 -0.1156923414288436 0.1157074654567366 0.1646021079777552 0.254252701374854 0.1862845937075209 0.2240870274665429 -0.01958970718013621
 0.0852683873577865 -0.003075435059555401 -0.01243152997109431 0.05805374626892123 -0.01494154746396953 0.07489333107707082 0.0846240749142612 0.02629143115824985 0.08237316833946706 0.09640224301320303 0.05006936058007034
 0.006247244739557333 0.004191682185621946 -0.09586742816471543 0.02152494185517547 -0.04575520820248091 0.1178337168819961 0.1511760724124982 0.1316347405460922 0.1389717658390965 0.1660230765697956 -0.007902716677328035
 0.01492480462643697 -0.05799937059590385 0.1005927553693056 0.0002974909064886063 0.03758911449019543 0.01267345015134186 -0.01148452774304724 0.01051247093475218 -0.02033235822710164 -0.01670753963961426 0.03108176973254899
 0.1575961911544553 0.0579167350158392 0.6510583180439015 0.2305814796856489 0.5423705382650267 -0.1768113440844696 -0.4027783303319979 -0.4769119565416784 -0.4176363399487087 -0.4866561030747903 0.3367017095781852
 -0.07671358352580826 0.08053929812093341 0.08747501316345488 0.1860285283600741 0.2449010944323669 0.1709617213178689 0.2815610568874659 0.2584516120467967 0.2999026539418951 0.3523089572708584 0.4598300275896521


