# Created by Octave 3.8.0, Sun Nov 16 03:16:24 2014 PST <xanderjanz@alexander-jansens-macbook-2.local>
# name: Theta2
# type: matrix
# rows: 10
# columns: 11
 -0.0143927364186248 -0.143166721228164 -0.1706516138672187 0.130942757596298 0.01070165056347236 -0.1200154123815425 -0.01314369578756116 -0.09148470872612642 0.01633133340532606 0.1838723454826093 0.02758826984692974
 -0.05023741492045142 0.8573451582046082 0.6004836140363371 -0.9588320750949049 0.2532530788683136 0.2964901684581263 -0.0784279709214678 0.1955793120136714 -0.246429731708462 -1.1306755992082 -0.4610300791540375
 0.008924771063929452 -0.04050905919796365 -0.01087703828560806 0.05972608233388282 0.01033563519535765 -0.05478835132282456 -0.05285686630940201 -0.02050144551008158 -0.04189791387746795 0.07977542121044261 -0.0358295099392086
 0.06737120948888613 -0.4513041698189227 -0.374572522988575 0.4713039876813809 0.07375614746091172 -0.2832214621669752 -0.1182546149872308 -0.1463459143674223 0.006438896304298049 0.5969150463749693 0.1475953095721942
 0.03104826994360648 0.08178967124787449 0.07035552251556766 -0.02534071874006123 -0.03561781059110635 0.04370366129716469 0.03451769487144176 0.03011906616281279 -0.008241876437036588 -0.08674730713693117 -0.0427424131529402
 -0.06550995682607712 -0.03277189150257447 -0.006081358470470404 0.02998913486451088 -0.03487630476678347 0.01037669017093608 0.07068610206398951 -0.009463457001747548 0.0002561356269716826 0.01432414164858489 0.03772196669148111
 0.1076445336980759 0.1571788982568381 0.07576473472395598 -0.09260539490122199 0.1428347327552851 0.02795808995423227 -0.03311393305292657 0.002055508928190388 -0.1264083286582337 -0.1217197360344821 -0.1366429436013907
 -0.01963450153581356 -0.1500662905214075 -0.07152063012697774 0.1600765872584753 -0.1562479801306441 -0.03674776605843395 0.1063240228067259 -0.02912808638133721 0.1174848736545657 0.1529129752659879 0.127349569788394
 -0.1112332173371392 -0.400991619887851 -0.268986732796097 0.4192028676070577 -0.2884645402132521 -0.07212811842833013 0.04973233484251764 -0.06495994551938299 0.2174045371068327 0.4308522489446944 0.2174875046066472
 -0.06118070803833259 -0.2517596682101828 -0.09607059564258875 0.1983982303374409 -0.2710259674111062 -0.01409352752802772 0.07718904696677624 0.001044020913557174 0.1938506020391334 0.2257044561000446 0.2004920635959956


