# Created by Octave 3.8.0, Sun Nov 16 03:16:20 2014 PST <xanderjanz@alexander-jansens-macbook-2.local>
# name: Theta3
# type: matrix
# rows: 1
# columns: 11
 0.08010386323562917 -0.6190762375128956 2.132160304446003 -0.1629728799717982 -1.882552964708027 0.3408194469194946 0.2104166623965737 -0.1163901735977402 0.2425251792479463 -0.1034895379541477 0.3640096525002936


