# Created by Octave 3.8.0, Wed Nov 05 18:44:43 2014 PST <xanderjanz@alexander-jansens-macbook-2.local>
# name: Theta1
# type: matrix
# rows: 8
# columns: 14
 0.009475797755934033 -0.004922697716730944 9.650509610669e-05 -0.001947270058715935 0.009115284279079485 0.00334141601140614 0.003820945171978811 0.002151584918211759 0.01234394441082529 0.01732482692956402 0.001813168918543136 0.008021781875074012 0.0006077308248351317 0.0110800451686805
 -0.1372976279952866 0.1481184203300086 0.2286665488564962 0.2039421414205885 0.2077145694162423 0.2101884164067853 0.2135771618924153 0.125954434359268 0.1520355071125523 0.2038079979082461 0.1714264806045755 0.1084573653034007 -0.07224554567963702 0.06973833839203507
 0.200289850057987 -0.2675964869029873 -0.4282951682731092 -0.3699879511433609 -0.3331453734164933 -0.3568758286018063 -0.3836567851798797 -0.1902272621602052 -0.2235476752335506 -0.3210481160306892 -0.2619942236191253 -0.1327633660640028 0.2403950327820961 -0.04385911628066784
 -0.0901099495703826 0.2545342217884414 0.4090628089115024 0.3618203836385269 0.3387933274312007 0.3556157888480678 0.3819719820855854 0.2023261486644609 0.238972957711382 0.3303068957811459 0.2602844727953417 0.1527253722627987 -0.1992187463583177 0.067188921633687
 -0.06180094522942067 0.2186438964301728 0.3275651152765076 0.302031915891632 0.2752814432223266 0.2925293288395737 0.3078193672167023 0.1790268988018468 0.1963324643161526 0.2741810644352344 0.2352070998438828 0.1349559476894332 -0.1240244321981228 0.1017002920569132
 -0.2685906890365575 0.3905104747989334 0.6019930931795014 0.5454733923366795 0.4989192268324171 0.5307337170095432 0.568431888772021 0.303377422057165 0.3532552214905875 0.492395177911043 0.39598285003106 0.2126205665104376 -0.304985847659597 0.1065742407712003
 0.05303531863589025 -0.2377740904462659 -0.3714138144328135 -0.3301716370652979 -0.2896320094495243 -0.2882210726574317 -0.3123464026228578 -0.156062019654295 -0.1885112420790884 -0.2720580395877479 -0.2125704672785045 -0.109215356549696 0.2294074358278922 -0.03046735280647115
 -0.1431931491158138 0.1251261897337941 0.1955166996015478 0.1916290467507745 0.1874725331032175 0.1866247673940386 0.1964780020067721 0.1270716579157584 0.153171157755556 0.1919956253868134 0.1690747621714739 0.1183798297910657 -0.02470406186427156 0.09639638593354202


