# Created by Octave 3.8.0, Wed Nov 05 18:44:43 2014 PST <xanderjanz@alexander-jansens-macbook-2.local>
# name: Theta2
# type: matrix
# rows: 8
# columns: 9
 0.07646213387058122 -0.002828955981199115 -0.03311689807193938 0.05218730395817073 -0.07012744127045864 -0.04521771647610025 -0.09075797321057512 0.05016530506253121 -0.02665965027543005
 0.5148565795769346 0.1737371465469299 -0.2457893977491287 0.9850873813012256 -0.5854846347230767 -0.4218208714619814 -1.003523209883318 0.853466198160074 -0.1875817214266756
 0.09936085285370272 -0.01671980932912972 -0.0754746334877207 0.09084741444004811 -0.09276631669321959 -0.08653437510055272 -0.1376969031266501 0.06714950224820444 -0.0555438686794821
 -0.06690888858703688 0.01201061759311193 -0.04161973643258546 0.06380603459160809 -0.05582381018045515 -0.0583470898243784 -0.05784745628679541 0.03228295470664459 -0.03608603433799423
 -0.1753981029390553 -0.01405685045221421 0.2392360026806258 -0.4978584097323755 0.4443830599426243 0.334555268495599 0.6829358310352357 -0.4404821969910214 0.1814621151097339
 -0.1376026552459911 0.01897580094071766 0.2146078289412594 -0.4027793766079785 0.3891755604330859 0.2928240846093941 0.606877120523541 -0.3564944214956367 0.1869187495580771
 -0.02693637261425365 0.01903867500511196 -0.09730286416860943 0.100926263362556 -0.06489442898572048 -0.1062577346682343 -0.1007746047148758 0.0397063974005346 -0.09030063512082966
 -0.08999891512473567 0.03811876647460918 0.08279085086882063 -0.1110751592901062 0.158498548065663 0.1085791734127061 0.2466900442499285 -0.1126938392907714 0.05495705371053008


