# Created by Octave 3.8.0, Wed Nov 05 18:44:43 2014 PST <xanderjanz@alexander-jansens-macbook-2.local>
# name: Theta3
# type: matrix
# rows: 2
# columns: 9
 -0.2255987610818994 -0.04856853413188636 -1.379030085909664 -0.09619795593720358 -0.01338311341969639 0.9489094481351278 0.8136986378840891 -0.02125928501328673 0.348800301042368
 0.2139476529512861 0.04174187789963424 1.392889929786374 0.09041537983350004 0.004350232081972516 -0.9499358304289195 -0.8288904457394587 0.0263859034794001 -0.3452536236482769


